-20
-67
80
-90
-22
-73
-55
-16
23
-53
28
11
-60
-8
-64
92
32
16
-51
-27
79
-65
60
-81
50
58
-85
71
-50
-98
29
73
56
62
-33
-87
-74
74
97
-38
-75
-40
8
96
61
-99
22
-49
36
88
-83
-4
30
-19
70
-30
-66
-88
55
-25
-63
-41
-61
-32
39
13
83
-84
25
-9
-24
24
-86
35
-12
33
37
-11
49
-62
-28
-72
-80
-58
-31
-93
94
85
6
91
-68
-3
-78
54
-43
-97
45
-69
26
-91
34
-56
9
-6
31
10
66
-36
-23
-82
59
12
52
68
-79
17
-59
90
-15
77
-39
-76
65
15
-2
-48
-92
7
-21
-7
18
-95
47
-26
-18
-37
93
2
-89
-77
43
-13
48
-52
95
41
4
-35
21
-34
72
63
78
42
-29
-10
-57
5
46
-70
-96
-54
76
53
38
-46
82
86
-44
3
81
14
-1
-14
-45
89
44
40
99
69
-100
87
20
64
-71
0
-94
-47
19
67
75
51
-5
57
98
84
27
1
-42
-17
